1 0.258
1 0.259
1 0.263
2 0.269
3 0.271
2 0.272
1 0.277
1 0.279
1 0.281
1 0.284
1 0.285
1 0.286
2 0.288
2 0.293
1 0.294
1 0.296
2 0.297
1 0.298
2 0.3
1 0.301
2 0.302
1 0.303
1 0.305
2 0.306
4 0.31
2 0.313
1 0.315
1 0.316
2 0.318
3 0.319
1 0.32
3 0.323
1 0.324
1 0.326
1 0.327
1 0.328
2 0.329
1 0.33
2 0.332
1 0.333
2 0.336
1 0.34
1 0.343
1 0.344
1 0.348
1 0.349
1 0.356
1 0.358
2 0.361
1 0.363
1 0.364
1 0.365
1 0.366
1 0.367
2 0.369
3 0.37
1 0.372
1 0.374
1 0.375
1 0.376
1 0.377
2 0.379
1 0.381
2 0.382
2 0.385
1 0.386
1 0.387
2 0.388
1 0.391
2 0.394
1 0.395
1 0.396
2 0.398
1 0.399
1 0.4
2 0.402
1 0.403
2 0.406
1 0.409
3 0.41
2 0.411
1 0.413
1 0.418
2 0.419
1 0.421
1 0.422
2 0.423
1 0.425
1 0.426
1 0.428
1 0.43
2 0.432
1 0.433
1 0.435
2 0.438
1 0.439
1 0.44
3 0.441
1 0.443
3 0.444
1 0.445
1 0.446
1 0.447
1 0.448
1 0.449
1 0.45
2 0.451
3 0.452
1 0.456
1 0.457
2 0.462
2 0.464
1 0.465
1 0.466
2 0.468
1 0.469
4 0.471
1 0.472
1 0.473
2 0.474
3 0.475
6 0.476
1 0.477
6 0.479
1 0.48
2 0.481
1 0.482
6 0.483
10 0.484
9 0.485
9 0.486
7 0.487
10 0.488
19 0.489
15 0.49
15 0.491
14 0.492
15 0.493
21 0.494
19 0.495
18 0.496
14 0.497
23 0.498
14 0.499
15 0.5
12 0.501
18 0.502
13 0.503
13 0.504
8 0.505
13 0.506
9 0.507
7 0.508
11 0.509
12 0.51
10 0.511
13 0.512
17 0.513
11 0.514
8 0.515
12 0.516
9 0.517
8 0.518
7 0.519
16 0.52
14 0.521
7 0.522
6 0.523
6 0.524
8 0.525
12 0.526
8 0.527
10 0.528
10 0.529
8 0.53
6 0.531
6 0.532
7 0.533
8 0.534
5 0.535
7 0.536
8 0.537
8 0.538
8 0.539
2 0.54
4 0.541
3 0.542
7 0.543
2 0.544
4 0.545
1 0.546
2 0.547
2 0.549
2 0.55
1 0.551
2 0.552
3 0.553
1 0.554
5 0.555
1 0.556
2 0.557
3 0.558
2 0.56
1 0.561
1 0.562
1 0.563
2 0.565
4 0.566
3 0.569
1 0.572
2 0.574
2 0.575
1 0.576
1 0.579
1 0.582
1 0.587
2 0.589
2 0.592
1 0.598
1 0.599
1 0.603
1 0.604
1 0.606
1 0.608
1 0.616
2 0.617
1 0.632
2 0.633
1 0.669
1 0.673
1 0.677
1 0.693
1 0.695
1 0.74
1 0.75
1 0.766
1 0.77
1 0.773
1 0.8
1 0.813
1 0.815
1 0.825
1 0.836
1 0.897
1 0.906
1 0.907
1 0.919
1 0.939
1 0.96
1 1
1 1.01
1 1.02
1 1.03
1 1.04
1 1.08
1 1.1
1 1.11
1 1.15
1 1.16
3 1.17
1 1.18
1 1.22
1 1.23
1 1.27
2 1.29
1 1.3
1 1.31
2 1.32
1 1.34
1 1.38
1 1.4
1 1.41
1 1.42
1 1.46
2 1.51
1 1.52
1 1.56
1 1.58
1 1.62
1 1.71
1 1.73
1 1.75
1 1.76
1 1.82
1 1.85
1 1.92
1 2.03
1 2.11
1 2.2
1 2.22
1 2.58
1 2.59
1 2.67
1 2.68
1 2.75
1 2.84
1 3.03
2 3.14
1 3.19
1 3.22
1 3.33
1 3.92
1 4.13
1 4.85
1 4.96
1 5.4
1 7.38
1 8.53
1 16
