0.509
0.503
0.547
0.497
0.512
0.504
0.372
0.575
0.419
0.506
0.518
0.494
0.529
0.513
0.271
0.488
8.53
1.30
4.85
0.490
5.40
0.579
0.395
0.521
0.489
1.29
0.497
3.92
0.511
0.495
0.500
0.503
0.515
0.507
0.382
0.327
0.323
0.495
0.492
0.494
0.503
0.496
0.773
0.555
1.17
1.11
0.520
0.960
0.423
0.565
0.558
0.493
0.521
0.425
0.494
0.497
0.510
0.525
0.500
0.476
0.499
1.40
0.443
0.305
0.272
0.520
0.348
0.497
0.493
0.329
0.494
0.500
0.501
0.504
0.492
0.572
0.500
0.410
0.483
0.598
0.505
0.496
0.542
0.507
0.502
0.316
0.296
0.297
1.71
1.92
0.530
0.538
0.522
0.534
0.490
0.560
0.496
0.511
0.504
0.428
0.536
0.545
0.537
0.510
0.531
0.468
0.516
0.510
0.527
0.518
0.560
0.269
0.491
0.272
0.469
0.519
0.520
0.520
0.510
0.526
0.514
0.484
0.527
0.521
0.537
0.521
0.472
0.476
0.555
0.492
0.370
0.494
16.0
2.22
0.508
0.493
0.490
0.483
0.343
0.506
0.525
0.507
0.502
0.494
0.533
0.501
0.528
0.513
0.520
0.592
0.512
0.499
0.518
0.529
0.506
3.03
0.526
0.541
0.538
0.521
0.340
0.410
0.320
0.523
0.503
0.531
0.445
0.476
0.522
0.513
0.501
0.498
0.632
0.529
0.319
0.494
0.534
0.535
0.532
0.526
0.537
0.770
0.543
0.515
0.502
0.318
1.18
0.379
0.441
0.489
2.67
0.907
0.534
0.543
0.532
0.569
2.58
1.75
0.539
0.438
0.530
0.539
0.426
0.406
0.531
0.497
0.633
0.530
0.509
0.511
0.502
0.549
0.496
0.539
0.336
0.750
0.496
0.385
0.496
0.491
0.509
0.508
0.565
0.310
0.515
0.509
0.332
0.513
0.504
0.740
0.493
0.402
0.534
0.525
0.507
0.527
0.528
0.330
0.512
0.494
0.498
0.538
0.526
0.497
1.52
3.14
0.495
0.498
0.569
0.527
0.673
0.409
0.369
0.500
0.491
0.486
0.504
0.381
0.385
0.528
0.502
0.510
0.448
0.516
0.503
0.452
0.491
0.302
0.516
0.488
0.490
0.464
0.502
0.502
0.281
1.82
0.516
0.336
0.323
0.511
0.520
0.538
0.526
0.388
0.495
0.498
0.554
0.349
0.527
0.484
0.509
0.529
0.504
0.528
0.484
0.516
0.518
0.487
0.528
0.525
0.490
0.533
0.479
0.449
0.522
0.524
0.506
0.486
0.503
0.532
0.538
0.487
0.508
0.512
0.502
0.513
0.517
0.492
0.483
0.529
0.444
0.557
0.523
0.545
0.498
0.496
1.38
0.493
0.592
0.540
0.519
0.528
0.531
0.493
0.358
0.294
0.524
0.517
0.520
0.544
0.547
0.517
3.33
0.492
1.17
0.504
0.499
0.447
0.513
0.491
0.514
0.494
0.446
0.502
0.489
0.498
0.524
0.536
2.84
0.574
0.464
0.531
0.513
0.529
0.512
0.494
0.505
0.466
0.489
0.482
0.537
0.492
0.514
0.516
0.505
0.515
0.520
0.513
0.490
0.510
0.566
0.518
0.259
0.543
0.286
0.319
0.526
0.528
0.526
0.529
0.517
0.489
0.526
0.553
0.535
0.552
0.575
0.521
0.517
0.526
0.506
0.906
0.508
0.490
0.495
0.498
0.504
0.491
0.495
0.498
0.603
0.495
0.677
0.506
0.486
0.495
0.498
0.490
0.486
0.489
0.497
0.513
0.529
0.553
0.587
0.365
0.396
1.51
0.374
0.298
0.521
0.516
0.498
0.361
0.495
2.11
1.34
0.418
0.533
0.493
0.521
0.513
0.500
0.471
0.520
0.474
0.492
0.501
0.492
0.471
3.22
0.530
0.541
0.526
0.693
0.530
0.519
0.520
0.452
0.512
0.492
1.16
0.541
1.51
0.563
0.503
0.695
0.524
0.523
0.514
0.541
0.569
0.766
0.496
0.515
0.509
0.484
0.487
0.813
0.520
0.499
0.489
0.494
0.435
0.494
0.479
0.269
0.491
0.512
0.496
0.522
0.566
0.513
0.375
0.519
0.514
0.534
0.479
0.476
0.493
0.462
0.489
0.488
0.500
0.504
0.452
7.38
0.486
0.557
0.515
0.518
1.73
0.302
0.479
0.485
0.505
0.558
0.526
0.510
0.306
0.457
0.506
0.496
0.487
0.511
0.502
0.511
0.502
0.499
0.501
0.300
0.599
0.468
0.505
0.444
0.318
0.475
0.465
0.503
0.507
0.496
0.297
0.513
0.574
0.521
0.514
0.400
4.13
0.633
0.526
0.532
0.474
0.438
0.528
0.498
0.530
0.313
1.23
0.533
0.509
0.494
0.263
0.527
0.516
0.519
0.566
0.511
0.517
0.516
0.486
0.450
0.543
0.539
0.512
0.617
0.501
2.59
0.520
0.496
0.473
0.524
0.456
0.513
0.494
0.500
0.271
0.507
0.499
0.499
0.485
0.606
0.505
0.491
0.432
0.500
4.96
0.485
0.543
0.524
0.503
0.511
0.523
0.919
0.441
0.433
0.300
0.421
0.410
0.279
0.492
0.329
1.85
0.492
0.303
0.495
0.498
0.502
1.10
0.490
0.539
0.430
0.497
0.537
0.519
0.504
0.555
0.510
0.510
0.502
0.484
0.520
0.419
0.506
0.475
0.536
0.476
0.310
0.530
0.897
0.539
0.326
0.489
0.475
0.555
0.525
0.520
0.498
0.494
0.538
0.493
0.511
0.509
0.836
0.315
0.441
0.444
0.411
0.413
0.517
0.512
0.501
1.08
0.496
0.498
0.484
0.402
0.376
1.01
0.495
0.499
0.483
1.02
0.471
0.489
0.501
0.490
0.509
0.490
0.486
0.485
0.394
0.490
0.500
0.493
0.494
0.493
0.539
0.549
0.499
0.502
0.496
0.543
0.398
0.498
1.15
0.501
0.498
0.493
0.562
0.310
0.503
0.497
0.495
0.514
0.451
0.422
0.589
0.534
0.516
0.399
0.271
0.546
0.439
0.510
1.31
0.542
0.462
0.387
0.528
0.490
0.513
0.556
0.512
0.517
0.508
0.367
0.394
0.382
0.561
0.508
0.370
1.32
0.500
0.495
0.511
0.550
0.324
0.386
0.800
0.490
0.543
0.379
0.388
0.364
0.328
0.566
0.503
0.553
0.537
0.502
0.534
0.504
0.525
0.377
0.509
0.533
0.535
0.363
0.521
0.301
0.284
0.493
0.499
1.62
0.501
1.46
0.486
0.333
0.539
0.507
0.492
0.370
0.519
0.518
0.542
0.552
0.525
0.518
0.310
0.537
0.523
0.513
0.517
0.522
1.41
0.521
0.545
3.19
0.497
0.513
0.536
0.503
0.513
0.471
0.369
0.510
0.544
0.497
0.499
0.366
0.485
0.520
0.507
0.939
0.476
0.406
0.494
0.558
0.521
0.493
0.489
0.510
0.486
0.505
0.503
0.512
0.488
0.506
2.03
0.423
2.75
0.484
0.489
0.484
0.496
0.489
0.477
0.403
0.507
0.520
0.516
0.479
1.42
0.582
0.489
0.440
0.499
0.498
0.815
0.504
0.494
0.529
0.535
0.323
0.608
0.576
0.495
0.522
0.534
0.528
0.530
1.32
2.20
0.536
0.500
0.497
0.514
0.501
0.537
0.521
0.531
0.332
0.515
0.508
0.498
0.288
0.555
0.825
0.533
0.617
0.522
0.532
0.533
0.525
0.492
0.535
0.501
0.506
0.523
0.506
0.497
0.538
0.485
0.313
1.17
0.536
0.545
0.540
1.76
0.488
0.484
0.306
0.356
0.495
0.288
0.514
0.538
0.589
0.616
0.293
0.451
0.485
0.500
0.481
0.495
0.498
0.498
0.504
0.485
0.502
0.361
0.491
0.498
0.479
0.258
0.502
0.529
0.285
0.506
0.496
0.490
0.498
0.494
0.491
0.489
0.487
0.277
0.488
0.293
0.488
1.04
0.499
1.00
0.551
0.481
0.494
0.502
0.489
0.489
0.483
0.319
0.495
0.491
0.495
0.489
0.488
0.487
0.491
0.604
0.491
0.512
0.514
0.491
0.515
0.496
0.493
1.29
0.484
0.496
0.485
0.500
0.495
0.499
0.505
0.492
0.498
0.497
1.58
0.432
0.516
0.500
0.483
0.494
0.509
0.391
0.488
1.27
0.411
0.489
0.506
0.669
0.480
0.491
0.532
0.536
0.527
1.22
0.527
0.521
0.512
2.68
3.14
0.487
0.550
1.03
0.398
1.56
0.514
0.344
0.488