0.258
0.259
0.263
0.269
0.269
0.271
0.271
0.271
0.272
0.272
0.277
0.279
0.281
0.284
0.285
0.286
0.288
0.288
0.293
0.293
0.294
0.296
0.297
0.297
0.298
0.3
0.3
0.301
0.302
0.302
0.303
0.305
0.306
0.306
0.31
0.31
0.31
0.31
0.313
0.313
0.315
0.316
0.318
0.318
0.319
0.319
0.319
0.32
0.323
0.323
0.323
0.324
0.326
0.327
0.328
0.329
0.329
0.33
0.332
0.332
0.333
0.336
0.336
0.34
0.343
0.344
0.348
0.349
0.356
0.358
0.361
0.361
0.363
0.364
0.365
0.366
0.367
0.369
0.369
0.37
0.37
0.37
0.372
0.374
0.375
0.376
0.377
0.379
0.379
0.381
0.382
0.382
0.385
0.385
0.386
0.387
0.388
0.388
0.391
0.394
0.394
0.395
0.396
0.398
0.398
0.399
0.4
0.402
0.402
0.403
0.406
0.406
0.409
0.41
0.41
0.41
0.411
0.411
0.413
0.418
0.419
0.419
0.421
0.422
0.423
0.423
0.425
0.426
0.428
0.43
0.432
0.432
0.433
0.435
0.438
0.438
0.439
0.44
0.441
0.441
0.441
0.443
0.444
0.444
0.444
0.445
0.446
0.447
0.448
0.449
0.45
0.451
0.451
0.452
0.452
0.452
0.456
0.457
0.462
0.462
0.464
0.464
0.465
0.466
0.468
0.468
0.469
0.471
0.471
0.471
0.471
0.472
0.473
0.474
0.474
0.475
0.475
0.475
0.476
0.476
0.476
0.476
0.476
0.476
0.477
0.479
0.479
0.479
0.479
0.479
0.479
0.48
0.481
0.481
0.482
0.483
0.483
0.483
0.483
0.483
0.483
0.484
0.484
0.484
0.484
0.484
0.484
0.484
0.484
0.484
0.484
0.485
0.485
0.485
0.485
0.485
0.485
0.485
0.485
0.485
0.486
0.486
0.486
0.486
0.486
0.486
0.486
0.486
0.486
0.487
0.487
0.487
0.487
0.487
0.487
0.487
0.488
0.488
0.488
0.488
0.488
0.488
0.488
0.488
0.488
0.488
0.489
0.489
0.489
0.489
0.489
0.489
0.489
0.489
0.489
0.489
0.489
0.489
0.489
0.489
0.489
0.489
0.489
0.489
0.489
0.49
0.49
0.49
0.49
0.49
0.49
0.49
0.49
0.49
0.49
0.49
0.49
0.49
0.49
0.49
0.491
0.491
0.491
0.491
0.491
0.491
0.491
0.491
0.491
0.491
0.491
0.491
0.491
0.491
0.491
0.492
0.492
0.492
0.492
0.492
0.492
0.492
0.492
0.492
0.492
0.492
0.492
0.492
0.492
0.493
0.493
0.493
0.493
0.493
0.493
0.493
0.493
0.493
0.493
0.493
0.493
0.493
0.493
0.493
0.494
0.494
0.494
0.494
0.494
0.494
0.494
0.494
0.494
0.494
0.494
0.494
0.494
0.494
0.494
0.494
0.494
0.494
0.494
0.494
0.494
0.495
0.495
0.495
0.495
0.495
0.495
0.495
0.495
0.495
0.495
0.495
0.495
0.495
0.495
0.495
0.495
0.495
0.495
0.495
0.496
0.496
0.496
0.496
0.496
0.496
0.496
0.496
0.496
0.496
0.496
0.496
0.496
0.496
0.496
0.496
0.496
0.496
0.497
0.497
0.497
0.497
0.497
0.497
0.497
0.497
0.497
0.497
0.497
0.497
0.497
0.497
0.498
0.498
0.498
0.498
0.498
0.498
0.498
0.498
0.498
0.498
0.498
0.498
0.498
0.498
0.498
0.498
0.498
0.498
0.498
0.498
0.498
0.498
0.498
0.499
0.499
0.499
0.499
0.499
0.499
0.499
0.499
0.499
0.499
0.499
0.499
0.499
0.499
0.5
0.5
0.5
0.5
0.5
0.5
0.5
0.5
0.5
0.5
0.5
0.5
0.5
0.5
0.5
0.501
0.501
0.501
0.501
0.501
0.501
0.501
0.501
0.501
0.501
0.501
0.501
0.502
0.502
0.502
0.502
0.502
0.502
0.502
0.502
0.502
0.502
0.502
0.502
0.502
0.502
0.502
0.502
0.502
0.502
0.503
0.503
0.503
0.503
0.503
0.503
0.503
0.503
0.503
0.503
0.503
0.503
0.503
0.504
0.504
0.504
0.504
0.504
0.504
0.504
0.504
0.504
0.504
0.504
0.504
0.504
0.505
0.505
0.505
0.505
0.505
0.505
0.505
0.505
0.506
0.506
0.506
0.506
0.506
0.506
0.506
0.506
0.506
0.506
0.506
0.506
0.506
0.507
0.507
0.507
0.507
0.507
0.507
0.507
0.507
0.507
0.508
0.508
0.508
0.508
0.508
0.508
0.508
0.509
0.509
0.509
0.509
0.509
0.509
0.509
0.509
0.509
0.509
0.509
0.51
0.51
0.51
0.51
0.51
0.51
0.51
0.51
0.51
0.51
0.51
0.51
0.511
0.511
0.511
0.511
0.511
0.511
0.511
0.511
0.511
0.511
0.512
0.512
0.512
0.512
0.512
0.512
0.512
0.512
0.512
0.512
0.512
0.512
0.512
0.513
0.513
0.513
0.513
0.513
0.513
0.513
0.513
0.513
0.513
0.513
0.513
0.513
0.513
0.513
0.513
0.513
0.514
0.514
0.514
0.514
0.514
0.514
0.514
0.514
0.514
0.514
0.514
0.515
0.515
0.515
0.515
0.515
0.515
0.515
0.515
0.516
0.516
0.516
0.516
0.516
0.516
0.516
0.516
0.516
0.516
0.516
0.516
0.517
0.517
0.517
0.517
0.517
0.517
0.517
0.517
0.517
0.518
0.518
0.518
0.518
0.518
0.518
0.518
0.518
0.519
0.519
0.519
0.519
0.519
0.519
0.519
0.52
0.52
0.52
0.52
0.52
0.52
0.52
0.52
0.52
0.52
0.52
0.52
0.52
0.52
0.52
0.52
0.521
0.521
0.521
0.521
0.521
0.521
0.521
0.521
0.521
0.521
0.521
0.521
0.521
0.521
0.522
0.522
0.522
0.522
0.522
0.522
0.522
0.523
0.523
0.523
0.523
0.523
0.523
0.524
0.524
0.524
0.524
0.524
0.524
0.525
0.525
0.525
0.525
0.525
0.525
0.525
0.525
0.526
0.526
0.526
0.526
0.526
0.526
0.526
0.526
0.526
0.526
0.526
0.526
0.527
0.527
0.527
0.527
0.527
0.527
0.527
0.527
0.528
0.528
0.528
0.528
0.528
0.528
0.528
0.528
0.528
0.528
0.529
0.529
0.529
0.529
0.529
0.529
0.529
0.529
0.529
0.529
0.53
0.53
0.53
0.53
0.53
0.53
0.53
0.53
0.531
0.531
0.531
0.531
0.531
0.531
0.532
0.532
0.532
0.532
0.532
0.532
0.533
0.533
0.533
0.533
0.533
0.533
0.533
0.534
0.534
0.534
0.534
0.534
0.534
0.534
0.534
0.535
0.535
0.535
0.535
0.535
0.536
0.536
0.536
0.536
0.536
0.536
0.536
0.537
0.537
0.537
0.537
0.537
0.537
0.537
0.537
0.538
0.538
0.538
0.538
0.538
0.538
0.538
0.538
0.539
0.539
0.539
0.539
0.539
0.539
0.539
0.539
0.54
0.54
0.541
0.541
0.541
0.541
0.542
0.542
0.542
0.543
0.543
0.543
0.543
0.543
0.543
0.543
0.544
0.544
0.545
0.545
0.545
0.545
0.546
0.547
0.547
0.549
0.549
0.55
0.55
0.551
0.552
0.552
0.553
0.553
0.553
0.554
0.555
0.555
0.555
0.555
0.555
0.556
0.557
0.557
0.558
0.558
0.558
0.56
0.56
0.561
0.562
0.563
0.565
0.565
0.566
0.566
0.566
0.566
0.569
0.569
0.569
0.572
0.574
0.574
0.575
0.575
0.576
0.579
0.582
0.587
0.589
0.589
0.592
0.592
0.598
0.599
0.603
0.604
0.606
0.608
0.616
0.617
0.617
0.632
0.633
0.633
0.669
0.673
0.677
0.693
0.695
0.74
0.75
0.766
0.77
0.773
0.8
0.813
0.815
0.825
0.836
0.897
0.906
0.907
0.919
0.939
0.96
1
1.01
1.02
1.03
1.04
1.08
1.1
1.11
1.15
1.16
1.17
1.17
1.17
1.18
1.22
1.23
1.27
1.29
1.29
1.3
1.31
1.32
1.32
1.34
1.38
1.4
1.41
1.42
1.46
1.51
1.51
1.52
1.56
1.58
1.62
1.71
1.73
1.75
1.76
1.82
1.85
1.92
2.03
2.11
2.2
2.22
2.58
2.59
2.67
2.68
2.75
2.84
3.03
3.14
3.14
3.19
3.22
3.33
3.92
4.13
4.85
4.96
5.4
7.38
8.53
16