0.246
0.259
0.265
0.269
0.269
0.27
0.275
0.275
0.276
0.277
0.277
0.28
0.282
0.283
0.284
0.288
0.288
0.29
0.292
0.293
0.294
0.296
0.299
0.3
0.301
0.301
0.302
0.303
0.303
0.303
0.304
0.304
0.304
0.305
0.305
0.306
0.306
0.306
0.306
0.307
0.307
0.308
0.309
0.31
0.31
0.311
0.311
0.314
0.317
0.319
0.32
0.324
0.324
0.326
0.33
0.332
0.337
0.339
0.341
0.341
0.344
0.347
0.349
0.353
0.353
0.358
0.359
0.36
0.362
0.364
0.366
0.366
0.366
0.366
0.369
0.372
0.373
0.377
0.378
0.379
0.38
0.382
0.382
0.382
0.383
0.385
0.386
0.388
0.39
0.39
0.391
0.393
0.396
0.397
0.399
0.402
0.405
0.406
0.406
0.407
0.409
0.41
0.411
0.412
0.412
0.413
0.413
0.413
0.415
0.417
0.418
0.421
0.423
0.423
0.426
0.427
0.431
0.432
0.433
0.433
0.434
0.434
0.437
0.437
0.438
0.438
0.44
0.441
0.443
0.443
0.446
0.446
0.447
0.448
0.449
0.45
0.451
0.452
0.454
0.454
0.454
0.455
0.455
0.456
0.457
0.457
0.458
0.458
0.459
0.46
0.461
0.462
0.463
0.463
0.464
0.464
0.464
0.466
0.466
0.467
0.467
0.468
0.468
0.469
0.47
0.47
0.471
0.473
0.473
0.473
0.474
0.474
0.475
0.475
0.475
0.476
0.476
0.476
0.476
0.477
0.477
0.477
0.477
0.477
0.477
0.477
0.478
0.478
0.478
0.478
0.478
0.479
0.479
0.479
0.48
0.48
0.48
0.48
0.481
0.481
0.481
0.481
0.482
0.482
0.482
0.483
0.483
0.483
0.483
0.483
0.483
0.483
0.483
0.484
0.484
0.484
0.484
0.485
0.485
0.485
0.485
0.485
0.485
0.485
0.485
0.485
0.485
0.485
0.485
0.485
0.486
0.486
0.486
0.486
0.486
0.486
0.486
0.486
0.486
0.486
0.486
0.487
0.487
0.487
0.487
0.487
0.487
0.487
0.487
0.487
0.487
0.487
0.487
0.488
0.488
0.488
0.488
0.488
0.488
0.488
0.488
0.488
0.488
0.488
0.488
0.488
0.488
0.489
0.489
0.489
0.489
0.489
0.489
0.489
0.489
0.489
0.489
0.489
0.489
0.489
0.489
0.489
0.489
0.489
0.489
0.489
0.489
0.489
0.489
0.49
0.49
0.49
0.49
0.49
0.49
0.49
0.49
0.49
0.49
0.49
0.49
0.49
0.49
0.49
0.49
0.49
0.49
0.49
0.49
0.49
0.49
0.491
0.491
0.491
0.491
0.491
0.491
0.491
0.491
0.491
0.491
0.491
0.491
0.491
0.491
0.491
0.491
0.491
0.491
0.491
0.492
0.492
0.492
0.492
0.492
0.492
0.492
0.492
0.492
0.492
0.492
0.492
0.492
0.492
0.492
0.492
0.492
0.493
0.493
0.493
0.493
0.493
0.493
0.493
0.493
0.493
0.493
0.493
0.493
0.493
0.493
0.493
0.493
0.494
0.494
0.494
0.494
0.494
0.494
0.494
0.494
0.494
0.494
0.494
0.494
0.494
0.494
0.494
0.494
0.494
0.494
0.494
0.495
0.495
0.495
0.495
0.495
0.495
0.495
0.495
0.495
0.495
0.495
0.495
0.495
0.495
0.495
0.495
0.495
0.495
0.495
0.495
0.495
0.495
0.495
0.495
0.495
0.495
0.496
0.496
0.496
0.496
0.496
0.496
0.496
0.496
0.496
0.496
0.496
0.496
0.496
0.496
0.496
0.496
0.496
0.496
0.496
0.496
0.496
0.496
0.497
0.497
0.497
0.497
0.497
0.497
0.497
0.497
0.497
0.497
0.497
0.497
0.497
0.497
0.497
0.497
0.497
0.497
0.497
0.497
0.497
0.497
0.497
0.497
0.497
0.497
0.497
0.497
0.497
0.497
0.497
0.498
0.498
0.498
0.498
0.498
0.498
0.498
0.498
0.498
0.498
0.498
0.498
0.498
0.498
0.498
0.498
0.498
0.498
0.499
0.499
0.499
0.499
0.499
0.499
0.499
0.499
0.499
0.499
0.499
0.5
0.5
0.5
0.5
0.5
0.5
0.5
0.5
0.5
0.5
0.5
0.5
0.5
0.5
0.5
0.5
0.5
0.5
0.5
0.5
0.5
0.501
0.501
0.501
0.501
0.501
0.501
0.501
0.501
0.501
0.501
0.501
0.501
0.501
0.501
0.501
0.501
0.502
0.502
0.502
0.502
0.502
0.502
0.502
0.502
0.502
0.502
0.502
0.502
0.502
0.502
0.502
0.502
0.503
0.503
0.503
0.503
0.503
0.503
0.503
0.503
0.503
0.503
0.503
0.503
0.504
0.504
0.504
0.504
0.504
0.504
0.504
0.504
0.504
0.505
0.505
0.505
0.505
0.505
0.505
0.505
0.505
0.506
0.506
0.506
0.506
0.506
0.506
0.506
0.506
0.506
0.506
0.506
0.506
0.506
0.506
0.507
0.507
0.507
0.507
0.507
0.507
0.507
0.507
0.507
0.507
0.507
0.507
0.507
0.507
0.508
0.508
0.508
0.508
0.508
0.508
0.508
0.508
0.508
0.508
0.508
0.508
0.508
0.508
0.508
0.509
0.509
0.509
0.509
0.509
0.509
0.509
0.509
0.509
0.509
0.51
0.51
0.51
0.51
0.51
0.51
0.51
0.51
0.51
0.511
0.511
0.511
0.511
0.511
0.511
0.511
0.511
0.511
0.511
0.511
0.511
0.512
0.512
0.512
0.512
0.512
0.512
0.512
0.512
0.513
0.513
0.513
0.513
0.513
0.513
0.513
0.513
0.513
0.514
0.514
0.514
0.514
0.514
0.514
0.514
0.514
0.514
0.514
0.514
0.515
0.515
0.515
0.515
0.515
0.515
0.515
0.515
0.515
0.515
0.515
0.515
0.516
0.516
0.516
0.516
0.516
0.517
0.517
0.517
0.517
0.517
0.517
0.517
0.517
0.517
0.518
0.518
0.518
0.518
0.518
0.518
0.518
0.519
0.519
0.519
0.519
0.52
0.52
0.52
0.52
0.52
0.52
0.521
0.521
0.521
0.521
0.521
0.521
0.521
0.521
0.522
0.522
0.522
0.522
0.522
0.522
0.522
0.522
0.523
0.523
0.523
0.523
0.523
0.523
0.523
0.523
0.523
0.523
0.523
0.524
0.524
0.524
0.524
0.524
0.524
0.524
0.524
0.524
0.524
0.525
0.525
0.525
0.525
0.525
0.525
0.525
0.525
0.525
0.526
0.526
0.526
0.526
0.526
0.526
0.527
0.527
0.527
0.527
0.527
0.527
0.527
0.528
0.528
0.528
0.528
0.528
0.529
0.529
0.529
0.529
0.529
0.529
0.529
0.53
0.53
0.53
0.53
0.53
0.53
0.531
0.531
0.531
0.531
0.532
0.532
0.532
0.532
0.532
0.532
0.532
0.533
0.533
0.533
0.533
0.533
0.533
0.534
0.534
0.534
0.534
0.534
0.534
0.535
0.535
0.535
0.535
0.535
0.535
0.535
0.536
0.536
0.536
0.536
0.536
0.537
0.537
0.537
0.537
0.537
0.537
0.538
0.538
0.538
0.538
0.538
0.539
0.54
0.54
0.54
0.54
0.54
0.541
0.541
0.541
0.541
0.542
0.543
0.543
0.543
0.544
0.545
0.545
0.545
0.545
0.546
0.546
0.546
0.546
0.547
0.547
0.547
0.547
0.548
0.548
0.548
0.548
0.549
0.549
0.549
0.55
0.552
0.552
0.553
0.553
0.554
0.555
0.555
0.556
0.557
0.557
0.558
0.56
0.56
0.561
0.563
0.567
0.572
0.573
0.574
0.575
0.577
0.578
0.582
0.582
0.583
0.587
0.588
0.59
0.592
0.592
0.597
0.599
0.6
0.602
0.603
0.623
0.624
0.627
0.639
0.643
0.649
0.652
0.681
0.683
0.694
0.695
0.734
0.759
0.76
0.76
0.781
0.795
0.81
0.829
0.83
0.832
0.871
0.878
0.907
0.92
0.925
0.94
0.943
0.967
0.968
1.01
1.03
1.05
1.06
1.08
1.08
1.09
1.11
1.11
1.13
1.16
1.18
1.18
1.19
1.2
1.2
1.2
1.3
1.33
1.34
1.34
1.37
1.38
1.38
1.39
1.46
1.48
1.51
1.59
1.7
1.7
1.71
1.73
1.74
1.74
1.85
1.89
1.99
2.02
2.14
2.17
2.24
2.56
2.6
2.67
2.7
2.71
2.78
2.8
3
3.13
3.18
3.18
3.2
3.23
3.36
3.71
4.11
4.99
16.1