1 0.246
1 0.259
1 0.265
2 0.269
1 0.27
2 0.275
1 0.276
2 0.277
1 0.28
1 0.282
1 0.283
1 0.284
2 0.288
1 0.29
1 0.292
1 0.293
1 0.294
1 0.296
1 0.299
1 0.3
2 0.301
1 0.302
3 0.303
3 0.304
2 0.305
4 0.306
2 0.307
1 0.308
1 0.309
2 0.31
2 0.311
1 0.314
1 0.317
1 0.319
1 0.32
2 0.324
1 0.326
1 0.33
1 0.332
1 0.337
1 0.339
2 0.341
1 0.344
1 0.347
1 0.349
2 0.353
1 0.358
1 0.359
1 0.36
1 0.362
1 0.364
4 0.366
1 0.369
1 0.372
1 0.373
1 0.377
1 0.378
1 0.379
1 0.38
3 0.382
1 0.383
1 0.385
1 0.386
1 0.388
2 0.39
1 0.391
1 0.393
1 0.396
1 0.397
1 0.399
1 0.402
1 0.405
2 0.406
1 0.407
1 0.409
1 0.41
1 0.411
2 0.412
3 0.413
1 0.415
1 0.417
1 0.418
1 0.421
2 0.423
1 0.426
1 0.427
1 0.431
1 0.432
2 0.433
2 0.434
2 0.437
2 0.438
1 0.44
1 0.441
2 0.443
2 0.446
1 0.447
1 0.448
1 0.449
1 0.45
1 0.451
1 0.452
3 0.454
2 0.455
1 0.456
2 0.457
2 0.458
1 0.459
1 0.46
1 0.461
1 0.462
2 0.463
3 0.464
2 0.466
2 0.467
2 0.468
1 0.469
2 0.47
1 0.471
3 0.473
2 0.474
3 0.475
4 0.476
7 0.477
5 0.478
3 0.479
4 0.48
4 0.481
3 0.482
8 0.483
4 0.484
13 0.485
11 0.486
12 0.487
14 0.488
22 0.489
22 0.49
19 0.491
17 0.492
16 0.493
19 0.494
26 0.495
22 0.496
31 0.497
18 0.498
11 0.499
21 0.5
16 0.501
16 0.502
12 0.503
9 0.504
8 0.505
14 0.506
14 0.507
15 0.508
10 0.509
9 0.51
12 0.511
8 0.512
9 0.513
11 0.514
12 0.515
5 0.516
9 0.517
7 0.518
4 0.519
6 0.52
8 0.521
8 0.522
11 0.523
10 0.524
9 0.525
6 0.526
7 0.527
5 0.528
7 0.529
6 0.53
4 0.531
7 0.532
6 0.533
6 0.534
7 0.535
5 0.536
6 0.537
5 0.538
1 0.539
5 0.54
4 0.541
1 0.542
3 0.543
1 0.544
4 0.545
4 0.546
4 0.547
4 0.548
3 0.549
1 0.55
2 0.552
2 0.553
1 0.554
2 0.555
1 0.556
2 0.557
1 0.558
2 0.56
1 0.561
1 0.563
1 0.567
1 0.572
1 0.573
1 0.574
1 0.575
1 0.577
1 0.578
2 0.582
1 0.583
1 0.587
1 0.588
1 0.59
2 0.592
1 0.597
1 0.599
1 0.6
1 0.602
1 0.603
1 0.623
1 0.624
1 0.627
1 0.639
1 0.643
1 0.649
1 0.652
1 0.681
1 0.683
1 0.694
1 0.695
1 0.734
1 0.759
2 0.76
1 0.781
1 0.795
1 0.81
1 0.829
1 0.83
1 0.832
1 0.871
1 0.878
1 0.907
1 0.92
1 0.925
1 0.94
1 0.943
1 0.967
1 0.968
1 1.01
1 1.03
1 1.05
1 1.06
2 1.08
1 1.09
2 1.11
1 1.13
1 1.16
2 1.18
1 1.19
3 1.2
1 1.3
1 1.33
2 1.34
1 1.37
2 1.38
1 1.39
1 1.46
1 1.48
1 1.51
1 1.59
2 1.7
1 1.71
1 1.73
2 1.74
1 1.85
1 1.89
1 1.99
1 2.02
1 2.14
1 2.17
1 2.24
1 2.56
1 2.6
1 2.67
1 2.7
1 2.71
1 2.78
1 2.8
1 3
1 3.13
2 3.18
1 3.2
1 3.23
1 3.36
1 3.71
1 4.11
1 4.99
1 16.1
