25.1
26.0
5.90
4.86
4.75
4.93
4.73
4.72
6.13
4.70
3.39
7.70
5.03
4.73
7.69
4.69
4.68
7.21
2.39
6.88
4.78
1.84
1.84
32.3
3.06
1.90
6.02
1.95
2.67
2.39
4.68
2.41
11.0
2.67
2.37
2.58
4.84
4.65
2.36
4.70
5.26
5.94
8.19
2.37
1.86
4.67
2.82
4.89
2.36
4.83
4.65
4.63
2.34
10.0
6.07
4.66
11.9
2.38
4.64
4.67
5.30
2.45
4.96
6.60
4.72
3.42
2.41
2.74
1.87
2.65
7.97
5.22
3.87
2.41
2.46
4.77
4.70
6.34
3.91
1.80
5.93
4.14
2.40
5.24
2.43
2.63
4.77
4.58
4.98
5.14
2.53
5.08
2.36
3.62
2.80
8.19
1.88
2.34
2.40
2.36
13.6
2.37
1.80
1.88
2.35
4.65
4.29
2.35
5.75
4.68
5.96
5.72
2.38
2.70
4.91
1.87
2.37
1.85
4.70
6.62
2.35
2.33
4.68
6.83
4.66
2.35
31.6
19.9
19.1
31.4
4.73
27.8
46.6
9.17
9.66
9.24
5.66
3.87
26.3
41.1
1.84
5.03
2.53
2.71
4.53
4.76
5.93
2.33
4.70
5.44
4.96
4.82
5.01
4.60
4.64
5.61
1.76
2.65
4.63
6.90
1.82
4.62
1.94
4.58
4.63
4.68
2.67
4.70
4.85
5.42
6.85
8.65
1.87
1.83
4.68
6.27
4.36
7.73
4.73
6.21
2.24
4.88
4.89
4.65
4.57
3.96
4.65
14.0
5.00
6.82
4.97
5.75
2.05
2.38
5.52
4.73
7.50
2.51
4.66
10.7
6.22
4.75
4.74
4.87
7.57
1.84
6.15
2.24
6.87
4.57
6.07
7.47
5.92
4.61
4.92
15.4
6.48
2.62
2.20
4.66
5.60
2.65
3.10
4.86
5.87
4.67
5.06
4.54
6.69
9.27
4.82
4.58
4.65
4.65
4.08
4.66
20.5
6.62
6.46
4.90
4.98
6.79
8.74
3.92
5.27
9.07
5.93
4.71
4.76
5.53
5.97
4.93
1.86
1.81
8.13
4.72
4.67
4.72
4.64
4.62
4.89
2.41
4.69
6.23
4.86
6.72
2.39
9.16
4.57
5.45
4.86
6.82
4.70
5.29
4.60
2.60
5.05
4.66
4.66
6.34
6.89
5.86
4.68
5.76
2.57
4.71
4.59
4.68
7.00
2.37
4.81
2.28
6.72
2.86
4.71
4.98
6.81
4.75
3.50
3.90
5.35
6.01
4.96
4.77
4.71
4.08
3.74
1.86
5.31
0.814
5.06
4.96
2.66
4.70
4.71
7.10
7.41
5.02
4.68
4.70
13.9
2.44
4.93
4.72
6.95
8.86
5.01
4.65
4.81
4.71
2.58
4.68
4.74
7.37
7.59
4.68
4.66
4.70
6.39
4.90
4.83
4.72
1.85
5.89
4.78
4.75
5.07
6.92
8.31
5.56
4.69
5.36
5.69
5.71
5.57
6.37
6.26
4.66
19.4
5.46
7.03
4.64
10.6
4.69
4.73
8.36
2.01
5.03
4.69
5.59
4.93
4.71
5.28
4.94
5.88
4.93
5.35
4.67
5.54
5.36
4.66
1.86
4.64
4.63
4.87
5.06
4.55
4.85
4.82
4.48
4.61
2.17
4.71
7.87
4.66
4.98
4.84
4.65
4.94
4.65
4.74
5.34
3.00
4.78
5.03
4.67
4.72
4.72
4.67
5.58
1.84
4.81
4.83
4.88
5.14
4.74
7.96
4.68
4.73
4.58
4.73
5.94
4.90
4.71
6.88
4.89
3.36
4.67
4.65
6.52
4.86
4.72
4.87
8.99
7.20
8.92
1.86
4.89
4.67
4.89
4.71
5.09
4.79
4.63
4.65
4.87
8.00
4.71
5.19
4.61
4.77
4.56
4.84
4.93
4.91
4.63
4.63
7.90
11.6
4.64
4.64
4.62
8.27
6.14
9.65
4.73
5.43
4.77
4.82
5.56
5.75
4.64
4.92
4.66
4.26
4.65
4.99
4.88
4.98
5.21
8.30
2.22
4.91
3.95
4.71
5.23
4.87
5.63
7.01
4.94
4.84
7.44
4.72
4.93
4.69
4.93
5.17
4.76
10.5
4.67
4.70
4.77
4.70
4.75
4.63
5.02
11.5
7.19
4.68
6.15
4.75
5.03
2.71
4.69
4.98
16.1
7.69
4.63
4.83
4.76
4.69
2.39
4.73
5.38
4.67
5.37
1.83
4.97
4.64
2.85
3.09
4.87
9.23
7.08
4.80
4.90
4.74
5.02
4.77
4.76
4.84
4.88
4.70
5.55
4.67
5.36
4.74
6.83
2.57
8.74
4.65
4.70
4.65
4.83
4.77
4.64
6.30
5.45
4.98
4.72
4.68
4.73
4.68
2.49
4.89
4.63
5.17
4.65
4.89
4.56
4.75
1.85
4.56
4.68
4.65
8.96
4.59
4.69
3.48
5.22
4.64
4.74
15.6
5.86
7.24
1.82
4.74
4.71
4.66
4.73
8.13
4.92
4.62
7.35
4.70
6.22
14.8
7.62
4.73
5.01
4.82
8.01
6.82
4.64
5.54
4.71
4.66
3.38
4.61
4.66
7.49
4.78
4.89
5.09
4.70
7.90
2.94
2.50
1.96
7.30
4.83
5.07
7.45
4.88
4.69
4.88
5.01
4.93
4.68
4.75
4.68
5.56
12.5
12.9
4.93
6.66
4.66
7.65
5.87
5.57
4.79
5.11
4.78
7.08
4.85
11.0
4.66
4.89
4.85
4.96
4.91
6.77
5.79
5.64
4.86
4.64
4.67
5.80
4.73
4.97
4.71
4.61
4.90
4.18
4.79
6.20
4.70
4.83
4.71
4.92
4.90
5.59
4.64
6.76
5.00
4.90
4.58
4.70
4.62
5.16
4.69
5.92
6.16
4.89
4.90
2.77
4.62
4.75
4.65
4.62
5.26
4.65
4.63
7.34
2.56
6.63
4.71
9.94
6.67
2.18
5.09
10.2
4.83
8.70
4.70
4.67
4.96
5.49
9.70
5.79
4.69
4.60
4.66
4.83
8.48
4.77
7.28
6.13
4.92
4.68
4.58
4.70
26.1
4.63
4.61
7.65
6.41
5.47
8.08
5.99
4.63
4.69
4.86
4.89
4.89
13.5
4.65
11.1
8.99
4.63
5.99
4.76
46.1
8.19
4.70
4.70
5.27
4.67
5.60
4.54
4.88
6.50
6.31
4.85
4.85
4.90
4.86
7.28
4.84
4.98
4.70
4.95
4.52
2.14
4.92
4.70
6.61
7.13
4.90
1.84
6.55
5.27
4.82
5.23
4.66
5.00
7.43
4.67
4.70
6.41
4.70
4.99
5.22
5.01
4.82
5.51
6.64
4.61
4.95
4.73
4.76
1.79
4.90
7.41
4.93
4.87
5.46
4.89
4.68
2.60
4.67
5.04
11.6
4.62
5.63
4.88
1.84
4.66
4.87
5.19
4.82
6.52
4.51
15.1
5.32
8.30
4.69
4.82
5.06
4.96
5.06
1.85
4.82
5.47
4.64
6.81
7.53
5.59
4.64
3.93
4.70
4.91
4.81
5.00
5.20
7.01
4.68
12.8
2.52
4.58
5.74
6.34
4.92
6.16
7.47
4.91
4.88
7.90
4.55
2.74
4.92
1.84
5.94
5.42
35.9
7.39
4.94
5.07
5.58
6.67
4.64
4.70
6.11
5.86
4.64
4.65
4.92
4.82
6.59
4.77
4.86
4.66
4.64
4.84
4.64
4.69
4.71
4.88
4.91
6.81
4.67
3.22
4.92
25.9
4.95
4.52
4.65
4.66
4.78
5.41
5.37
4.69
4.61
6.41
10.3
8.26
5.02
6.29
6.02
4.69
5.04
4.78
6.14
10.0
4.99
4.89
6.23
4.77
6.49
4.59
5.29
5.88
7.07
2.37
4.68
5.05
4.69
2.40
4.94
4.72
5.77
4.69
4.74
5.13
4.69
2.03
6.81
5.77
4.87
5.22
4.69
4.77
5.37
15.5
4.72
2.42
4.69
4.95
9.53
5.66
4.68
4.89
13.3
4.96
4.70
7.40
5.91
6.63
4.60
4.99
5.83
4.70
4.63
8.57
12.3
6.08
7.80
4.76
5.39
3.56
5.69
6.49
5.92
7.82
4.85
6.51
4.76
8.04
1.85
11.2
7.90
7.20
4.70
4.71
5.76
4.72
2.40
4.95
7.14
4.69
7.08
5.02
4.66
5.90
8.83
5.04
9.15
4.78
5.64
4.69
4.66
1.86
2.17
1.85
5.10
4.99
4.79
4.67
4.67
4.66