0.814
1.76
1.79
1.8
1.8
1.81
1.82
1.82
1.83
1.83
1.84
1.84
1.84
1.84
1.84
1.84
1.84
1.84
1.85
1.85
1.85
1.85
1.85
1.85
1.86
1.86
1.86
1.86
1.86
1.86
1.87
1.87
1.87
1.88
1.88
1.9
1.94
1.95
1.96
2.01
2.03
2.05
2.14
2.17
2.17
2.18
2.2
2.22
2.24
2.24
2.28
2.33
2.33
2.34
2.34
2.35
2.35
2.35
2.35
2.36
2.36
2.36
2.36
2.37
2.37
2.37
2.37
2.37
2.37
2.38
2.38
2.38
2.39
2.39
2.39
2.39
2.4
2.4
2.4
2.4
2.41
2.41
2.41
2.41
2.42
2.43
2.44
2.45
2.46
2.49
2.5
2.51
2.52
2.53
2.53
2.56
2.57
2.57
2.58
2.58
2.6
2.6
2.62
2.63
2.65
2.65
2.65
2.66
2.67
2.67
2.67
2.7
2.71
2.71
2.74
2.74
2.77
2.8
2.82
2.85
2.86
2.94
3
3.06
3.09
3.1
3.22
3.36
3.38
3.39
3.42
3.48
3.5
3.56
3.62
3.74
3.87
3.87
3.9
3.91
3.92
3.93
3.95
3.96
4.08
4.08
4.14
4.18
4.26
4.29
4.36
4.48
4.51
4.52
4.52
4.53
4.54
4.54
4.55
4.55
4.56
4.56
4.56
4.57
4.57
4.57
4.58
4.58
4.58
4.58
4.58
4.58
4.58
4.59
4.59
4.59
4.6
4.6
4.6
4.6
4.61
4.61
4.61
4.61
4.61
4.61
4.61
4.61
4.62
4.62
4.62
4.62
4.62
4.62
4.62
4.62
4.63
4.63
4.63
4.63
4.63
4.63
4.63
4.63
4.63
4.63
4.63
4.63
4.63
4.63
4.63
4.64
4.64
4.64
4.64
4.64
4.64
4.64
4.64
4.64
4.64
4.64
4.64
4.64
4.64
4.64
4.64
4.64
4.64
4.64
4.64
4.65
4.65
4.65
4.65
4.65
4.65
4.65
4.65
4.65
4.65
4.65
4.65
4.65
4.65
4.65
4.65
4.65
4.65
4.65
4.65
4.65
4.65
4.66
4.66
4.66
4.66
4.66
4.66
4.66
4.66
4.66
4.66
4.66
4.66
4.66
4.66
4.66
4.66
4.66
4.66
4.66
4.66
4.66
4.66
4.66
4.66
4.66
4.67
4.67
4.67
4.67
4.67
4.67
4.67
4.67
4.67
4.67
4.67
4.67
4.67
4.67
4.67
4.67
4.67
4.67
4.67
4.67
4.68
4.68
4.68
4.68
4.68
4.68
4.68
4.68
4.68
4.68
4.68
4.68
4.68
4.68
4.68
4.68
4.68
4.68
4.68
4.68
4.68
4.68
4.68
4.69
4.69
4.69
4.69
4.69
4.69
4.69
4.69
4.69
4.69
4.69
4.69
4.69
4.69
4.69
4.69
4.69
4.69
4.69
4.69
4.69
4.69
4.69
4.69
4.7
4.7
4.7
4.7
4.7
4.7
4.7
4.7
4.7
4.7
4.7
4.7
4.7
4.7
4.7
4.7
4.7
4.7
4.7
4.7
4.7
4.7
4.7
4.7
4.7
4.7
4.7
4.7
4.7
4.7
4.7
4.71
4.71
4.71
4.71
4.71
4.71
4.71
4.71
4.71
4.71
4.71
4.71
4.71
4.71
4.71
4.71
4.71
4.71
4.71
4.72
4.72
4.72
4.72
4.72
4.72
4.72
4.72
4.72
4.72
4.72
4.72
4.72
4.72
4.73
4.73
4.73
4.73
4.73
4.73
4.73
4.73
4.73
4.73
4.73
4.73
4.73
4.73
4.73
4.74
4.74
4.74
4.74
4.74
4.74
4.74
4.74
4.74
4.75
4.75
4.75
4.75
4.75
4.75
4.75
4.75
4.75
4.76
4.76
4.76
4.76
4.76
4.76
4.76
4.76
4.76
4.77
4.77
4.77
4.77
4.77
4.77
4.77
4.77
4.77
4.77
4.77
4.77
4.78
4.78
4.78
4.78
4.78
4.78
4.78
4.78
4.79
4.79
4.79
4.79
4.8
4.81
4.81
4.81
4.81
4.82
4.82
4.82
4.82
4.82
4.82
4.82
4.82
4.82
4.82
4.82
4.83
4.83
4.83
4.83
4.83
4.83
4.83
4.83
4.83
4.84
4.84
4.84
4.84
4.84
4.84
4.84
4.85
4.85
4.85
4.85
4.85
4.85
4.85
4.86
4.86
4.86
4.86
4.86
4.86
4.86
4.86
4.86
4.87
4.87
4.87
4.87
4.87
4.87
4.87
4.87
4.87
4.88
4.88
4.88
4.88
4.88
4.88
4.88
4.88
4.88
4.88
4.89
4.89
4.89
4.89
4.89
4.89
4.89
4.89
4.89
4.89
4.89
4.89
4.89
4.89
4.89
4.89
4.9
4.9
4.9
4.9
4.9
4.9
4.9
4.9
4.9
4.9
4.9
4.91
4.91
4.91
4.91
4.91
4.91
4.91
4.92
4.92
4.92
4.92
4.92
4.92
4.92
4.92
4.92
4.92
4.93
4.93
4.93
4.93
4.93
4.93
4.93
4.93
4.93
4.93
4.93
4.94
4.94
4.94
4.94
4.94
4.95
4.95
4.95
4.95
4.95
4.96
4.96
4.96
4.96
4.96
4.96
4.96
4.96
4.97
4.97
4.97
4.98
4.98
4.98
4.98
4.98
4.98
4.98
4.98
4.99
4.99
4.99
4.99
4.99
5
5
5
5
5.01
5.01
5.01
5.01
5.01
5.02
5.02
5.02
5.02
5.02
5.03
5.03
5.03
5.03
5.03
5.04
5.04
5.04
5.05
5.05
5.06
5.06
5.06
5.06
5.06
5.07
5.07
5.07
5.08
5.09
5.09
5.09
5.1
5.11
5.13
5.14
5.14
5.16
5.17
5.17
5.19
5.19
5.2
5.21
5.22
5.22
5.22
5.22
5.23
5.23
5.24
5.26
5.26
5.27
5.27
5.27
5.28
5.29
5.29
5.3
5.31
5.32
5.34
5.35
5.35
5.36
5.36
5.36
5.37
5.37
5.37
5.38
5.39
5.41
5.42
5.42
5.43
5.44
5.45
5.45
5.46
5.46
5.47
5.47
5.49
5.51
5.52
5.53
5.54
5.54
5.55
5.56
5.56
5.56
5.57
5.57
5.58
5.58
5.59
5.59
5.59
5.6
5.6
5.61
5.63
5.63
5.64
5.64
5.66
5.66
5.69
5.69
5.71
5.72
5.74
5.75
5.75
5.75
5.76
5.76
5.77
5.77
5.79
5.79
5.8
5.83
5.86
5.86
5.86
5.87
5.87
5.88
5.88
5.89
5.9
5.9
5.91
5.92
5.92
5.92
5.93
5.93
5.93
5.94
5.94
5.94
5.96
5.97
5.99
5.99
6.01
6.02
6.02
6.07
6.07
6.08
6.11
6.13
6.13
6.14
6.14
6.15
6.15
6.16
6.16
6.2
6.21
6.22
6.22
6.23
6.23
6.26
6.27
6.29
6.3
6.31
6.34
6.34
6.34
6.37
6.39
6.41
6.41
6.41
6.46
6.48
6.49
6.49
6.5
6.51
6.52
6.52
6.55
6.59
6.6
6.61
6.62
6.62
6.63
6.63
6.64
6.66
6.67
6.67
6.69
6.72
6.72
6.76
6.77
6.79
6.81
6.81
6.81
6.81
6.82
6.82
6.82
6.83
6.83
6.85
6.87
6.88
6.88
6.89
6.9
6.92
6.95
7
7.01
7.01
7.03
7.07
7.08
7.08
7.08
7.1
7.13
7.14
7.19
7.2
7.2
7.21
7.24
7.28
7.28
7.3
7.34
7.35
7.37
7.39
7.4
7.41
7.41
7.43
7.44
7.45
7.47
7.47
7.49
7.5
7.53
7.57
7.59
7.62
7.65
7.65
7.69
7.69
7.7
7.73
7.8
7.82
7.87
7.9
7.9
7.9
7.9
7.96
7.97
8
8.01
8.04
8.08
8.13
8.13
8.19
8.19
8.19
8.26
8.27
8.3
8.3
8.31
8.36
8.48
8.57
8.65
8.7
8.74
8.74
8.83
8.86
8.92
8.96
8.99
8.99
9.07
9.15
9.16
9.17
9.23
9.24
9.27
9.53
9.65
9.66
9.7
9.94
10
10
10.2
10.3
10.5
10.6
10.7
11
11
11.1
11.2
11.5
11.6
11.6
11.9
12.3
12.5
12.8
12.9
13.3
13.5
13.6
13.9
14
14.8
15.1
15.4
15.5
15.6
16.1
19.1
19.4
19.9
20.5
25.1
25.9
26
26.1
26.3
27.8
31.4
31.6
32.3
35.9
41.1
46.1
46.6

