1.72
1.72
1.72
1.72
1.74
1.74
1.74
1.75
1.75
1.75
1.75
1.75
1.76
1.76
1.76
1.76
1.77
1.77
1.77
1.77
1.77
1.77
1.77
1.77
1.77
1.77
1.77
1.77
1.77
1.77
1.78
1.78
1.78
1.78
1.78
1.78
1.78
1.78
1.78
1.78
1.78
1.78
1.78
1.78
1.78
1.78
1.78
1.78
1.78
1.78
1.78
1.78
1.78
1.78
1.78
1.78
1.78
1.78
1.79
1.79
1.79
1.79
1.79
1.79
1.79
1.79
1.79
1.79
1.79
1.79
1.79
1.79
1.79
1.79
1.79
1.79
1.79
1.79
1.79
1.79
1.79
1.79
1.8
1.8
1.8
1.8
1.8
1.8
1.8
1.8
1.8
1.8
1.8
1.8
1.8
1.8
1.8
1.8
1.8
1.8
1.8
1.8
1.8
1.8
1.8
1.8
1.8
1.8
1.8
1.81
1.81
1.81
1.81
1.81
1.81
1.81
1.81
1.81
1.81
1.81
1.81
1.81
1.81
1.81
1.81
1.81
1.81
1.81
1.81
1.81
1.81
1.81
1.81
1.81
1.81
1.81
1.81
1.81
1.81
1.81
1.81
1.82
1.82
1.82
1.82
1.82
1.82
1.82
1.82
1.82
1.82
1.82
1.82
1.82
1.82
1.82
1.82
1.82
1.82
1.82
1.82
1.82
1.82
1.82
1.82
1.82
1.82
1.82
1.82
1.82
1.82
1.82
1.82
1.82
1.82
1.82
1.82
1.82
1.82
1.82
1.82
1.82
1.82
1.82
1.82
1.83
1.83
1.83
1.83
1.83
1.83
1.83
1.83
1.83
1.83
1.83
1.83
1.83
1.83
1.83
1.83
1.83
1.83
1.83
1.83
1.83
1.83
1.83
1.83
1.83
1.83
1.83
1.83
1.83
1.83
1.83
1.83
1.84
1.84
1.84
1.84
1.84
1.84
1.84
1.84
1.84
1.84
1.84
1.84
1.84
1.84
1.84
1.84
1.84
1.84
1.84
1.84
1.84
1.84
1.84
1.84
1.84
1.84
1.84
1.84
1.84
1.84
1.84
1.85
1.85
1.85
1.85
1.85
1.85
1.85
1.85
1.85
1.85
1.85
1.85
1.85
1.85
1.85
1.85
1.85
1.85
1.85
1.85
1.85
1.85
1.85
1.85
1.85
1.85
1.85
1.85
1.85
1.85
1.85
1.85
1.85
1.85
1.85
1.85
1.85
1.85
1.85
1.85
1.85
1.85
1.85
1.85
1.85
1.85
1.85
1.85
1.85
1.85
1.86
1.86
1.86
1.86
1.86
1.86
1.86
1.86
1.86
1.86
1.86
1.86
1.86
1.86
1.86
1.86
1.86
1.86
1.86
1.86
1.86
1.86
1.86
1.86
1.86
1.86
1.86
1.86
1.86
1.86
1.86
1.86
1.86
1.87
1.87
1.87
1.87
1.87
1.87
1.87
1.87
1.87
1.87
1.87
1.87
1.87
1.87
1.87
1.87
1.87
1.87
1.87
1.87
1.87
1.87
1.87
1.87
1.87
1.87
1.88
1.88
1.88
1.88
1.88
1.88
1.88
1.88
1.88
1.88
1.88
1.88
1.88
1.88
1.88
1.88
1.88
1.88
1.88
1.89
1.89
1.89
1.89
1.89
1.89
1.89
1.89
1.89
1.89
1.89
1.89
1.89
1.89
1.89
1.89
1.89
1.89
1.89
1.89
1.89
1.89
1.9
1.9
1.9
1.9
1.9
1.9
1.9
1.9
1.9
1.9
1.9
1.9
1.9
1.9
1.9
1.9
1.91
1.91
1.91
1.91
1.91
1.91
1.91
1.91
1.91
1.91
1.92
1.92
1.92
1.92
1.92
1.92
1.92
1.92
1.93
1.93
1.93
1.93
1.93
1.93
1.93
1.93
1.93
1.93
1.93
1.93
1.93
1.93
1.93
1.94
1.94
1.94
1.94
1.94
1.94
1.95
1.95
1.95
1.95
1.95
1.95
1.95
1.95
1.95
1.95
1.95
1.95
1.95
1.95
1.96
1.96
1.96
1.96
1.96
1.96
1.97
1.97
1.97
1.97
1.98
1.98
1.98
1.98
1.99
1.99
1.99
1.99
1.99
1.99
1.99
1.99
1.99
2
2
2
2
2
2.01
2.01
2.01
2.01
2.01
2.01
2.01
2.02
2.02
2.02
2.02
2.02
2.03
2.03
2.03
2.03
2.03
2.04
2.04
2.04
2.04
2.04
2.04
2.04
2.04
2.05
2.05
2.05
2.05
2.05
2.06
2.06
2.06
2.06
2.06
2.06
2.06
2.06
2.07
2.07
2.07
2.07
2.07
2.08
2.08
2.08
2.08
2.09
2.09
2.09
2.09
2.09
2.09
2.1
2.1
2.1
2.12
2.12
2.12
2.12
2.12
2.14
2.14
2.15
2.16
2.16
2.16
2.17
2.17
2.17
2.17
2.17
2.18
2.18
2.19
2.19
2.19
2.2
2.2
2.2
2.21
2.21
2.21
2.22
2.22
2.22
2.22
2.22
2.23
2.23
2.23
2.24
2.24
2.25
2.26
2.27
2.28
2.29
2.29
2.29
2.3
2.3
2.3
2.3
2.32
2.32
2.33
2.33
2.33
2.33
2.33
2.33
2.34
2.34
2.34
2.35
2.35
2.35
2.35
2.35
2.36
2.36
2.36
2.37
2.37
2.37
2.37
2.37
2.37
2.37
2.38
2.38
2.38
2.39
2.39
2.39
2.4
2.41
2.41
2.41
2.42
2.42
2.42
2.42
2.43
2.43
2.45
2.45
2.46
2.46
2.46
2.46
2.47
2.47
2.47
2.49
2.49
2.5
2.5
2.51
2.51
2.51
2.51
2.52
2.52
2.52
2.52
2.55
2.55
2.55
2.55
2.55
2.55
2.55
2.55
2.55
2.56
2.56
2.56
2.57
2.57
2.58
2.58
2.58
2.59
2.59
2.61
2.62
2.62
2.63
2.64
2.64
2.64
2.65
2.65
2.67
2.67
2.69
2.69
2.69
2.7
2.7
2.71
2.72
2.72
2.73
2.74
2.74
2.74
2.77
2.78
2.79
2.83
2.85
2.85
2.85
2.87
2.87
2.87
2.89
2.89
2.9
2.92
2.95
2.96
2.97
2.99
3.01
3.01
3.03
3.04
3.05
3.08
3.09
3.1
3.11
3.12
3.12
3.14
3.15
3.15
3.15
3.15
3.16
3.16
3.2
3.21
3.21
3.22
3.23
3.23
3.25
3.27
3.29
3.29
3.31
3.33
3.34
3.34
3.35
3.35
3.37
3.38
3.39
3.39
3.39
3.4
3.41
3.42
3.42
3.42
3.42
3.45
3.45
3.47
3.47
3.5
3.5
3.53
3.55
3.55
3.55
3.57
3.58
3.59
3.59
3.61
3.63
3.63
3.66
3.66
3.68
3.69
3.71
3.72
3.72
3.72
3.73
3.74
3.77
3.78
3.8
3.81
3.85
3.86
3.9
3.91
3.91
3.91
3.92
3.93
3.94
3.95
3.95
3.95
3.96
3.96
3.97
3.97
3.98
3.98
3.99
3.99
3.99
4.01
4.05
4.05
4.05
4.06
4.07
4.07
4.07
4.08
4.09
4.1
4.1
4.1
4.12
4.12
4.14
4.15
4.15
4.16
4.16
4.17
4.17
4.19
4.19
4.2
4.21
4.21
4.22
4.22
4.22
4.26
4.27
4.29
4.34
4.36
4.39
4.39
4.4
4.43
4.43
4.44
4.44
4.49
4.51
4.51
4.51
4.54
4.55
4.56
4.56
4.58
4.59
4.59
4.59
4.59
4.6
4.65
4.65
4.66
4.68
4.68
4.69
4.69
4.72
4.72
4.73
4.73
4.73
4.74
4.74
4.76
4.76
4.77
4.79
4.8
4.8
4.82
4.85
4.85
4.89
4.91
4.92
4.92
4.92
4.93
4.93
4.94
4.94
4.95
4.95
4.95
5.01
5.02
5.02
5.03
5.04
5.06
5.08
5.12
5.16
5.24
5.24
5.24
5.25
5.27
5.31
5.36
5.37
5.39
5.4
5.41
5.43
5.54
5.55
5.57
5.63
5.66
5.68
5.68
5.72
5.84
5.87
5.93
6
6.01
6.14
6.18
6.19
6.23
6.24
6.48
6.51
6.51
6.59
6.78
6.8
6.85
6.92
6.98
7.01
7.1
7.17
7.28
7.32
7.34
7.66
7.76
7.8
7.84
8.02
8.03
8.07
8.18
8.19
8.39
8.52
8.87
8.89
9.43
9.69
10.2
10.2
10.3
10.7
11.2
11.6
13
13.6
15.2
15.7
15.8
17
19.8
20.6
21.1
22.4
25
39
65.4
72.8
113

